"","Subject","N_Courses","Freq","Percent","CumFreq","CumPercent"
"1","Art",1,24393,93.9,24393,93.9
"2","Art",2,1369,5.3,25762,99.1
"3","Art",3,186,0.7,25948,99.9
"4","Art",4,34,0.1,25982,100
"5","Art",5,3,0,25985,100
"6","Art",8,1,0,25986,100
"7","Arts, Media, and Entertainment",1,5481,97.2,5481,97.2
"8","Arts, Media, and Entertainment",2,148,2.6,5629,99.8
"9","Arts, Media, and Entertainment",3,10,0.2,5639,100
"10","Arts, Media, and Entertainment",4,2,0,5641,100
"11","Building and Construction Trades",1,2027,95,2027,95
"12","Building and Construction Trades",2,98,4.6,2125,99.6
"13","Building and Construction Trades",3,8,0.4,2133,100
"14","Business and Finance",1,7198,98.4,7198,98.4
"15","Business and Finance",2,113,1.5,7311,100
"16","Business and Finance",3,3,0,7314,100
"17","Computer Education",1,6358,98.6,6358,98.6
"18","Computer Education",2,87,1.3,6445,99.9
"19","Computer Education",3,6,0.1,6451,100
"20","Drama/Theater",1,4688,95.7,4688,95.7
"21","Drama/Theater",2,197,4,4885,99.7
"22","Drama/Theater",3,15,0.3,4900,100
"23","Education, Child Development, and Family Services",1,4533,96.6,4533,96.6
"24","Education, Child Development, and Family Services",2,127,2.7,4660,99.3
"25","Education, Child Development, and Family Services",3,31,0.7,4691,100
"26","Education, Child Development, and Family Services",4,1,0,4692,100
"27","English Language Arts",1,156492,96.3,156492,96.3
"28","English Language Arts",2,3574,2.2,160066,98.5
"29","English Language Arts",3,1006,0.6,161072,99.1
"30","English Language Arts",4,904,0.6,161976,99.6
"31","English Language Arts",5,388,0.2,162364,99.9
"32","English Language Arts",6,154,0.1,162518,100
"33","English Language Arts",7,40,0,162558,100
"34","English Language Arts",8,14,0,162572,100
"35","English Language Arts",9,4,0,162576,100
"36","English Language Arts",11,1,0,162577,100
"37","Foreign Languages",1,34033,97,34033,97
"38","Foreign Languages",2,951,2.7,34984,99.7
"39","Foreign Languages",3,94,0.3,35078,99.9
"40","Foreign Languages",4,10,0,35088,100
"41","Foreign Languages",5,6,0,35094,100
"42","Foreign Languages",6,1,0,35095,100
"43","Foreign Languages",7,1,0,35096,100
"44","Foreign Languages",11,1,0,35097,100
"45","Health Education",1,11509,99.9,11509,99.9
"46","Health Education",2,17,0.1,11526,100
"47","History/Social Science",1,112402,96.4,112402,96.4
"48","History/Social Science",2,2122,1.8,114524,98.2
"49","History/Social Science",3,909,0.8,115433,99
"50","History/Social Science",4,738,0.6,116171,99.6
"51","History/Social Science",5,280,0.2,116451,99.9
"52","History/Social Science",6,108,0.1,116559,100
"53","History/Social Science",7,40,0,116599,100
"54","History/Social Science",8,12,0,116611,100
"55","History/Social Science",10,1,0,116612,100
"56","Hospitality, Tourism, and Recreation",1,3151,97.5,3151,97.5
"57","Hospitality, Tourism, and Recreation",2,76,2.4,3227,99.8
"58","Hospitality, Tourism, and Recreation",3,3,0.1,3230,99.9
"59","Hospitality, Tourism, and Recreation",4,2,0.1,3232,100
"60","Mathematics",1,130574,96.6,130574,96.6
"61","Mathematics",2,2854,2.1,133428,98.7
"62","Mathematics",3,982,0.7,134410,99.5
"63","Mathematics",4,348,0.3,134758,99.7
"64","Mathematics",5,195,0.1,134953,99.9
"65","Mathematics",6,94,0.1,135047,99.9
"66","Mathematics",7,48,0,135095,100
"67","Mathematics",8,29,0,135124,100
"68","Mathematics",9,2,0,135126,100
"69","Mathematics",10,1,0,135127,100
"70","Music",1,16328,97.5,16328,97.5
"71","Music",2,405,2.4,16733,99.9
"72","Music",3,20,0.1,16753,100
"73","Music",5,1,0,16754,100
"74","Other Instruction-Related Assignments",1,86253,98.3,86253,98.3
"75","Other Instruction-Related Assignments",2,1378,1.6,87631,99.8
"76","Other Instruction-Related Assignments",3,128,0.1,87759,100
"77","Other Instruction-Related Assignments",4,4,0,87763,100
"78","Other Instruction-Related Assignments",5,2,0,87765,100
"79","Physical Education",1,61299,96.5,61299,96.5
"80","Physical Education",2,1832,2.9,63131,99.4
"81","Physical Education",3,366,0.6,63497,99.9
"82","Physical Education",4,28,0,63525,100
"83","Physical Education",5,8,0,63533,100
"84","Public Services",1,1156,98.7,1156,98.7
"85","Public Services",2,12,1,1168,99.7
"86","Public Services",3,3,0.3,1171,100
"87","Science",1,97577,96.8,97577,96.8
"88","Science",2,2502,2.5,100079,99.3
"89","Science",3,558,0.6,100637,99.8
"90","Science",4,105,0.1,100742,99.9
"91","Science",5,39,0,100781,100
"92","Science",6,18,0,100799,100
"93","Science",7,7,0,100806,100
"94","Science",8,1,0,100807,100
"95","Science",9,1,0,100808,100
"96","Self-Contained Class",1,155921,100,155921,100
"97","Special Designated Subjects",1,3473,99.9,3473,99.9
"98","Special Designated Subjects",2,2,0.1,3475,100
"99","Transportation",1,1545,93.7,1545,93.7
"100","Transportation",2,92,5.6,1637,99.3
"101","Transportation",3,11,0.7,1648,99.9
"102","Transportation",4,1,0.1,1649,100
"103","Work Experience",1,1980,100,1980,100
"104","Engineering and Architecture",1,1560,95.1,1560,95.1
"105","Engineering and Architecture",2,72,4.4,1632,99.5
"106","Engineering and Architecture",3,9,0.5,1641,100
"107","Agriculture and Natural Resources",1,3215,95.9,3215,95.9
"108","Agriculture and Natural Resources",2,133,4,3348,99.8
"109","Agriculture and Natural Resources",3,6,0.2,3354,100
"110","Energy and Utilities",1,459,98.7,459,98.7
"111","Energy and Utilities",2,5,1.1,464,99.8
"112","Energy and Utilities",3,1,0.2,465,100
"113","Health Science and Medical Technology",1,1914,98.3,1914,98.3
"114","Health Science and Medical Technology",2,15,0.8,1929,99.1
"115","Health Science and Medical Technology",3,6,0.3,1935,99.4
"116","Health Science and Medical Technology",4,3,0.2,1938,99.5
"117","Health Science and Medical Technology",5,6,0.3,1944,99.8
"118","Health Science and Medical Technology",6,3,0.2,1947,100
"119","Dance",1,1756,96.4,1756,96.4
"120","Dance",2,62,3.4,1818,99.8
"121","Dance",3,4,0.2,1822,100
"122","Marketing, Sales, and Service",1,663,99,663,99
"123","Marketing, Sales, and Service",2,6,0.9,669,99.9
"124","Marketing, Sales, and Service",3,1,0.1,670,100
"125","Information and Communication Technologies",1,1447,96.9,1447,96.9
"126","Information and Communication Technologies",2,46,3.1,1493,99.9
"127","Information and Communication Technologies",3,1,0.1,1494,100
"128","Fashion and Interior Design",1,541,96.4,541,96.4
"129","Fashion and Interior Design",2,20,3.6,561,100
"130","Manufacturing and Product Development",1,1797,97.9,1797,97.9
"131","Manufacturing and Product Development",2,38,2.1,1835,100
